62523061
459976817
1313074319
367576901
154125871
497684459
1454269321
1812505621
1677813437
1922213123
565896011
1967296103
279228583
666892003
1465949477
1869530381
663488269
1119327707
394129247
1361068453
991703893
2044464299
1781952281
1102360657
635530009
1764317677
676419697
417269899
125289821
862351507
940184029
1979070007
1707127141
186966419
765530291
355794937
2101513573
1703456927
1257090061
498691561
492050483
69395063
2053016153
654966523
236340673
944017201
1329043421
164270287
409044821
945233593
250022537
2140181839
1203344033
392303759
36716171
1746583673
1738659959
1141644841
1335311911
461387141
395080943
1575447733
862277917
1564617503
1040391881
1185524531
1359998933
112094621
323102041
1909907977
913656979
2085777077
2041484663
1260919493
1426835441
1406039617
2104470691
92851571
870529787
1631591407
2038662727
809444177
341701739
1397928817
1442084921
1398147227
1354365319
1096776173
709045889
1965661813
1155241859
252077767
2089819001
717824417
1377873767
1336559881
25761157
2136688769
1830170389
325100257
74822477
1555096687
1296753779
1682811047
414847637
631304029
1517609887
538014023
760796683
1130255311
1288203457
480457699
1077431041
1990382137
992463541
1405469869
941567953
1857215027
633064429
2014966817
1063778941
683675093
1607276513
1025658983
835145609
1517283553
1363722749
30079463
1778916701
1550918081
1307567659
1579940113
17470111
1201843751
1240271821
1479316739
2129313601
236699081
2072145701
1505097889
1133887973
1578053501
1654976311
1959737053
1970221499
1268686301
582169993
2026288151
836898169
770074537
505557527
1910111807
118001353
1818207637
1628427583
1343930479
772689859
2135756299
1999278587
1515390827
130222049
365631619
1465069997
746072741
913791079
839752889
1659575681
170442953
663595711
1848841199
537605099
802930741
940859473
959857313
1419736261
1389621671
1493613001
858441169
1330068977
958124021
1647056869
1291225357
1272613033
1648523509
1179665183
1030821149
157192873
1857969353
352360409
878240977
1921944971
587980271
1981843657
1434752399
1816654709
104048327
382340831
616918067
835531111
259603573
457742111
1148056159
1231001843
279038803
8649491
1016405693
1877127907
1369680371
2040530321
771936169
320953439
692019899
1400630921
1948303129
511185509
210986927
1419676157
584380919
1428229931
1710392617
1895988859
246551471
1663375187
721823777
1277004679
467945017
1552996829
445334639
59963957
1787009347
1104317723
596815717
1648871321
809841167
1747675091
477519649
23991259
898307141
1146519601
1377668063
1916513953
1487766421
1067472547
1522799489
39373969
923981021
693316499
1715349703
2007157423
690706351
1691177687
412762699
260651299
940034717
209437387
216233027
1278000949
1739942599
1781458417
575597797
1773307969
1232604773
255937249
1728126821
897603661
1691758097
1108284257
756022081
1020824159
1050948293
1697097791
1525208369
1036272617
1645885499
974772521
1849693999
1237125193
863450747
1039966523
2063483393
1665765889
526273679
1401943451
1438943543
463152869
973684037
1332091903
1653074669
1576855283
68632957
1880365651
315993709
1292993249
214617943
767670419
50565901
869713129
1304242001
861517219
1210228021
463698049
907342907
628355879
418712513
676211
1457315479
2058341473
1130843963
1406201959
173774431
83266273
1298776399
1418934809
922371319
1555218703
1087967501
160461599
207667613
876951221
2068930531
12669493
1681729667
2037220697
155758991
110629823
26762833
223196443
1243829897
807132517
1238866513
1202851043
2000047307
1409350141
628932823
1052666821
2013497777
498278237
1908856123
1570922369
110761943
1493630381
474122111
1264583923
116525051
503099881
657154933
1009624159
941619929
948538141
114167737
732570989
537797279
466008239
1972235803
2123101727
1808608147
1000045379
1715760569
674012699
1480622137
1526300849
1787807849
1438600117
1712064413
42863129
1943112911
851155177
328433179
1455928189
2043529193
1728501829
1393970623
914394409
865644259
1228466891
413040851
940603241
1643460563
289414043
309452383
1512196577
868579123
9043121
596649847
696940813
1362891713
1384139191
1692050597
426326819
89944781
1831306019
1286323417
1627624619
465769511
526439171
1455201509
1678170947
1799994961
87350047
921376073
1776106051
550660823
1616859133
639000763
1094974861
1869509981
1428608327
671813357
1514775359
717072443
1859745049
452055977
1284203623
1808945819
1813225181
1541674327
2128127363
318181973
542264941
595254073
1808052439
1776959603
638987773
127857887
1729454369
939294607
1331081797
1095621193
107627329
926784431
1643219951
636357103
1805113801
249364447
773157521
931986049
2051101147
914917643
1036457701
144449873
644497351
779960677
406993799
1774661419
17025067
1601806937
801198991
511248169
365450447
1204794077
455281447
2092622659
1442742461
94695983
1111208713
1951578659
1514001961
1851582347
1733360533
1186106627
2137709543
1845577039
1111102679
1898769947
1578703783
1459120843
1791981047
166346911
1482836881
199225937
247097597
558719989
881636641
1105329937
1694252281
460621957
782426917
89799067
1065779023
1112801071
589274603
702106921
959481889
1521155651
1065383519
378691
695587661
463569251
1640132311
700973437
2134193911
750387037
782960249
1306903063
756598279
21503617
1417727603
1310323447
879012553
1972945333
493784359
196303951
530688161
1028811713
1184818091
633188557
468339931
7348157
1487581031
1529670209
1269110501
52974563
169379803
10244513
1184263039
1390188091
1355519873
409614229
1470280969
499315937
240222211
1248962063
1322553251
1237623523
1170318379
1065652849
1237935331
971817421
1312197421
1881409259
1183257791
828564557
1746837577
21320197
822640069
1117633417
1213115693
2118674407
855997189
925940713
1720950793
1725081019
1155535193
2036356859
1813742443
208843451
1117980671
690256601
501284071
248984947
1903654751
1932570533
1223524639
506567329
1605585013
1201368083
575298637
2114319661
1193286961
737699899
870067603
1695638311
1972116691
706981831
618038573
1890734519
873387881
1223039003
131419549
381407567
1334389439
457105823
1519017103
1328889713
970644443
996161501
1194601081
1503489899
1683836591
333644039
430544407
909247919
1669487507
376040597
1678515697
1056516557
1436230633
1459531547
852891661
78990157
2109251279
1815664601
2061072499
2122478537
1217355481
1988613661
1054888487
1328998133
88793651
1512943919
1697406499
1139469503
669208691
435921929
1493403739
1509242963
386882737
389544713
1492427843
544518361
1053066221
243560549
1761983731
1609693223
159716639
1770051461
758838467
745033021
2084410663
288098821
2096415913
454745299
1838365649
1723523471
1431165079
896135971
1741723897
1205162753
1134013093
1031855327
1925994569
25888913
907645769
558417073
1998760297
22667317
214792421
1593984211
624388403
1566183119
1860236867
294530221
1714428319
1478231771
2292221
1696953169
356477833
396857977
667585417
157686439
963589909
1689042367
1562671081
1848801419
1177464569
269357591
913442197
579986611
1120859809
1810757147
2001274757
1180698907
1249832279
774434533
1446691691
2079806411
542223497
771819107
1681496779
145697753
220784771
1508199509
1280806073
1518077417
624533941
1655314963
1916067661
1323218107
1369206361
567628981
989678777
946814233
921603647
1651969537
1348390531
354708581
64165001
1589673329
1499053753
561082693
46216349
1306485407
2044523527
1328594669
1549641209
590145869
2038316311
1465827679
46077103
548991043
772556819
821490499
1796777051
172057201
1056369761
921221167
567964699
1558100189
206037281
962594177
550181773
552045707
115178017
505862459
978603401
818045783
1943100967
22833149
125725021
1857475553
1451893799
22584557
1005811087
152802019
1182935447
816998951
643186829
1485757337
989432231
125184307
721470353
670424269
1815261631
1426235731
1174789793
163737389
124516267
2110924331
1232787797
2131135231
769751933
1829668097
626743739
419605037
1604987749
2019421471
243135481
268217557
1053628861
422628391
1406749163
8775419
1007224633
809098559
797758219
536665771
1390983101
218989889
609700471
807417659
471736907
823808369
1561347313
564659033
1783607557
291313591
166416781
1462691327
1227879941
640104083
553553219
1818119843
1450835413
156010279
63873779
873568879
616068191
1690746131
174205429
863348567
1442775379
1162977043
1759637533
1166840231
1227931531
123290147
1536196843
902127133
52879969
994645961
331251913
206819099
1585236973
1566661039
39938033
1515930113
1796371873
1511159789
1154394757
1821319187
2027327933
808637233
864274561
1024341589
1231247981
846048083
412332379
1627450763
1020795973
396071783
730611449
1001988833
109728701
699662053
2047223771
465030119
1570487833
1153979033
1149297727
295433647
1298362361
1512320309
487303639
497906509
1322693081
1415535643
1369228687
649437671
1921003727
626057119
553500659
1351786021
313600597
1203349463
1668188989
332798537
1467420797
1859023847
1468336267
1388442281
1088386421
1795834177
1620107207
1827974947
1562610227
1002776017
693583991
1388100017
1981473511
640964371
469806283
1669636721
139493593
2049692551
865810301
1332018377
665242093
1937256389
993254137
2025209083
1807669811
1409024429
577446589
662058889
775867991
1857908551
999358229
849948097
1626560413
1213128821
1345685857
2112108899
168887759
420257393
1557571513
1595950399
1600068637
1210927259
37767097
614329813
1796215373
85129067
456656119
575865751
1921123613
1241023757
593073737
2067243203
1914100231
2025001991
1513510529
1960800199
347247871
324966197
681157991
1029165349
1138474339
1755649361
544840601
1597199647
860632811
713064503
606158009
522287911
1458958619
409800577
703821143
1981332433
2141870971
1538469809
1166701169
1829533721
1496028497
362860051
1380368911
373055951
1411769209
956477083
179966021
1733912027
430191733
927778843
297847709
584368159
800884811
52975369
39345151
144414103
1581791039
833092231
822776533
1296954479
104993281
144363977
1156827253
747646807
123833519
1293783367
158504911
250623557
146763179
1254082013
1961524681
1958998291
110432473
81142357
1773594367
1994116829
490161127
414355231
1312803647
860978143
1727653519
1469481271
1705236317
501071567
1934709947
2071731971
1319260867
1284435539
1808306221
781549543
974889623
2058907157
913188349
1518941759
434282951
2014245749
332411333
1970198537
934632799
136529891
1697648083
1899060011
532846031
6322777
64771093
830338081
1265198873
954773993
2137641923
658160561
543346379
1528515997
1976969651
241542617
1966916383
590442071
1592114327
1294708711
74050517
1570849901
2097457157
471474433
1616588473
991706029
162597931
1396135129
1484353601
683711923
1278359791
62514553
910188281
530123149
2147362397
1642578479
1735382027
1164500543
1056757531
1874797909
481126031
531618817
1773356183
2068157057
668652091
193618223
1189591127
435729937
1642731239
1345058641
639755927
530965361
1164299897
566563513
1685731391
1989084737
845334181
1770001361
1575182387
859559431
1240779899
904987813
46699073
1235039557
286824583
1205591927
1386278599
472647113
111095209
872739587
583037647
1757617229
542040979
885242383
1932612481
1689764273
2121516571
1884129721
559979633
1901711099
989091707
1329337643
1940782517
1084927133
478609253
819588787
1361436673
3023653
1783107413
1796482297
795021613
675137341
438628087
1687914341
598015967
43950919
1777382197
757783267
1813002557
14667437
64194421
411063769
1432834027
221575213
2056874453
219822299
308290777
1802066587
1524960599
1625561521
1783385377
1806127051
106364371
1001987237
1120294933
1962586973
52795163
1233600437
1084888631
843579749
24696229
1020504601
171303721
360210239
1654684627
298199939
687891667
429914461
587497789
659024699
958707991
1840563227
906260657
754234739
81109867
380195369
5772617
1836649747
1636856159
2078779529
1964749051
25429819
493956289
1771980493
1574578223
276718067
731303663
1189135963
13070051
1134807763
611561543
1583513611
1079809069
231282529
62153557
360007709
1887524741
1490087903
56702039
245814263
689511223
1832948059
14543603
2146241459
2060099467
1068777887
1380765539
2034398371
1483848089
372358471
491386453
944600989
604416389
1661634971
764410403
1169970973
558229781
96012779
1109840101
1267642543
1827459493
585630917
1222915391
1005560167
874461851
426219883
1942433621
1470536339
347851571
536863253
239412337
1968817387
760323469
284715569
984877007
1776288757
126737311
831094387
170138989
440578357
1578470557
486872077
670251811
890390131
965729953
1673913497
557827937
1854862817
696323317
1246398929
640375171
222303089
1815206863
247167413
591041851
1641097109
113672063
1655008807
798987647
1814113927
1420181669
1070268923
1400076329
168028033
736995037
1454605073
1466461223
1867220189
964719817
1233724171
337068871
1596906277
203107327
1616170289
283554907
1701166613
360962731
645597437
1426627151
381057371
1694799937
115753367
1363150549
1439140973
1409671139
108292577
1590961061
1271005049
2023186351
912148427
800196643
492496657
155315929
1843094087
1177172999
816286901
1941641963
757665967
487684969
1491500651
845602451
1396334839
1406839661
456655159
701005901
1957207949
1274321053
1990169189
99568013
2013527353
552522023
1231955929
2088703031
304780033
897451481
1103352869
826722719
237554699
447731201
1611941957
1366972813
1258155487
44225557
4351493
1158824743
1969616783
1517456783
1388747957
1293587653
881719403
1694697269
372266597
669155777
1739539183
1545664609
1121803079
362692853
384087989
644083873
1366447651
1884517823
1674331487
627887291
593871953
365263267
917127437
21758593
1906432919
574051741
1296703741
153218609
428342749
1694939833
1014281539
1915481839
1768249031
2053095211
831066317
1173687727
26268097
120173621
1988641531
1614607349
915824269
1695176633
550430567
842684629
1474807339
683207099
920862563
2146834367
1261298393
290880313
1871294959
1999088471
1615474199
2012755163
1047582181
733559819
1648562353
2139052171
826114147
942412847
942417319
203743381
537556639
326696437
525457627
1126560511
337418351
1310043751
923379179
40440419
1481989777
1703064283
742762331
531773167
1406083769
1220742643
630379037
1040312347
739237669
1998922061
925203757
1342507597
4412383
1584819217
1377661679
152613599
1196671337
868035683
1259956487
719789221
1906490147
1336345321
224141677
1683813793
1657761181
661994521
290397403
15738893
1474951109
1981550887
2111592029
846224479
1300789927
2015124887
236923957
66340387
347838593
1341566741
1480327603
584278397
1050990107
1819515949
1408022359
1762668707
1379458499
456660793
1169140487
1048961077
251726777
663633211
1370561567
2049008329
1688717227
719099993
1118118193
2123293247
64346371
128618569
401365403
1782070583
1769883509
1238802157
889083673
163440733
1106320597
1566201419
998273027
1190862581
715995947
1714737091
13425017
1128518917
605485613
1371909403
1193834549
545622097
1723191391
2011200371
1447554373
1404495997
1100933417
1873006363
352109689
1250921671
924305377
171012823
1265415191
147940453
945433513
458872031
983673133
1240345903
1280902783
205020973
869368837
1979539337
92284111
590932763
938845403
1166938249
754105679
1262941037
1869827699
413283109
147327329
1498946591
2028226997
1053386599
223994983
521683411
195438317
197070779
1112572897
1893574043
325811371
1219423133
2047831727
200511383
1297791191
1334278307
452785873
1531634087
1821728369
1147076731
1240136903
665227307
839437657
1293638179
29337281
1773750911
1886907433
1435874663
43738129
54157247
709432211
211339963
236689727
1110005389
1736677289
1894853783
1991427499
1154169629
36077933
610529827
1726254217
1081254287
2139507949
1074595127
1243906921
1718247067
1106614211
1228918903
1149520103
541803949
1013387113
1985951089
115762681
2146306843
1829936057
586662211
1260212477
480599011
1909615313
2027219377
763158283
1542516329
216546199
662505301
1047501929
1627604717
1058958031
845301341
606864829
1324477267
586974803
254212901
287443081
1295440667
1407406123
1324800151
311482607
424762759
982216987
1809185029
300019631
1549817887
1687708751
1962606757
477116357
1365856091
1875562487
1798293073
1487163889
731776147
27677807
1080058303
1512721121
921088417
1811447413
1354018537
2058984623
2146422953
1374310303
1980690431
1031040917
1838689597
10365539
322068941
1283350423
1613255753
370217521
1647777557
116628937
1992233741
622712413
1632484223
141863629
799862677
848145359
1323355981
171832501
1505957417
1316788427
1228635607
343686373
367283473
2114900947
1139817661
846417697
1666813949
343527407
560115601
474698473
1629508981
430029599
665243959
1536919229
1517778341
1285672727
2108420491
625308007
548726333
1975581661
198842003
1615315957
863950921
1337669687
1858236521
100868917
960095951
714152773
660007603
1550567147
1289346059
1215970433
66838879
110377199
1120150907
1151148721
847586423
481616831
605796469
171823903
1102610203
1427660011
1522900567
265007461
45405559
713368951
85779571
139017283
1172165503
1293944573
762791011
1965807313
188573257
325839197
1116136447
1421057273
2047249283
980665207
28958893
467464009
956289517
304252297
379428319
1257898183
19249847
1005491083
1420755547
1175132207
1333620391
1470744181
1091123441
991313321
2033622313
503137207
98315467
2056615723
512697839
255863351
1736106587
1128598411
811180561
986744501
1095127949
1000988591
14372261
2075553019
640243193
951192629
1453956073
269556697
1056782171
346663511
1194793471
676358251
1573297541
14237411
1463745497
1460244899
676043141
801760331
1977478627
570458093
1617111919
2026387163
1844002859
312144263
1406988577
1358036083
805719007
388567297
1854569533
441904381
27293141
1938111433
270262183
238095763
164961877
1250584459
75574253
5736737
480334787
1327783361
950217617
376235957
1108401881
1780099273
944041057
1764775163
1701315337
1416625783
1074172481
873311399
1692527587
1395832063
264365527
753722531
1354068013
488024531
1926091729
982280041
1440265093
194264377
603417757
637166711
1273303099
1357950641
112689671
116869153
1751776583
18097753
1111158157
2122846721
1662969719
990187507
1856444389
1123343933
477665417
1117466351
1420031087
294644083
1037233
1387040191
1157718239
1905279793
1096091327
775407881
1298208721
220647377
534640553
1314553459
426538153
1679391407
1442338109
1374007237
496546979
1473757121
1296614519
1546153673
2132000327
1649117809
437769901
1329631483
1760890771
188891113
865273111
119232013
431327903
2098763153
715847507
820140103
208852057
957245411
1992805109
211842217
512663887
867256177
1848914233
678512873
962433247
1066118021
1360687409
1065811771
1456449221
1670466727
1418888477
1467751247
291207557
27251771
1923812249
1332328931
1183011659
949455803
1814673227
1473539807
787458263
805483963
1896696523
347338561
1357747817
703865303
319208587
1417976869
1894631449
1615313201
575501879
1298640389
568233079
230535859
404513647
69420641
799997533
1950207997
847473791
1467937673
1172930923
1668418561
684948851
508978081
1636627877
2027291269
1710751969
116097343
869545351
742077701
691264219
119744629
1229658541
364833467
1988065819
1065201847
254958551
1306026613
1928600591
279913957
337910723
156762761
52164199
1185210827
731376689
1297668629
1890569333
517552339
775932341
82077629
874233137
1085424623
1376560903
1128432493
1670619107
1180728551
837210937
708857711
706014623
1636712531
224752999
2129476961
1206431321
855293053
965260393
1594746253
1017750403
992631209
1931290901
380235179
1873057
849394597
1811704619
670383361
998219797
912520093
1336320067
313546291
688478177
1370417491
792256733
1538341841
780033601
1089978707
32925407
920878333
549297487
14915311
2057747533
29431949
1120295513
1483906577
2029394677
1359443089
766747301
1642112341
2009442151
1392334549
181345403
797262437
485916091
1362343987
707610671
472369789
931342667
1293858131
164103349
4399723
896918969
703560199
1212166601
655148531
958769387
1306333631
1267057829
1680771167
1255858061
1907047991
541222147
1784321537
174856219
821885437
869343031
1440272983
619680679
1395320083
77754029
755300999
1940069317
1135544537
1727827349
357028631
658436921
505589813
1336553111
1943833501
594762761
2082704621
1314666191
1681716763
1452748981
805827151
1933838377
1356719981
949463729
1611101663
1287610231
1393393787
1607624509
82125139
759113119
140592247
1355368031
1405420871
1247436383
1636463267
1852379153
61023553
1531642487
1026014201
589048723
97090027
940943851
1111375999
1086071761
162655483
1114244111
1975268143
1832880701
46408031
1332345241
151273379
281231693
356590813
931607587
1432313881
667250333
1324980259
950218301
1970937559
319363361
210408449
1021227461
1879116157
1943164781
962537881
1649938943
1553170517
1519625269
515239369
441230899
464516033
421678273
524509627
1184913127
1298303351
814895717
1264694287
8217023
620963669
1410065843
1972662089
978173641
507890809
1434082547
146662991
1450960711
4653757
2133716161
2051889899
170739353
372583051
1288303411
1767280961
1140952151
617797693
823237861
954400103
454741927
1059548593
86550517
774532817
170998661
1730810791
200903497
199893007
16580087
2070664567
354859033
1540342241
1565165191
462973943
1004966437
1659726149
1761230873
1422134783
1503035539
852514309
527720363
1879019657
623171161
1511663533
515218829
1621203313
2121441613
1522917023
1817787343
504062527
1806234569
469505383
1244832451
1831471619
898281283
1954333471
1150677509
2127087533
1267029139
1135951009
83282413
44782079
33208411
683336477
456745141
525608777
373063787
237320537
1156127179
97621757
1431557761
557297849
1083716099
2049284441
261120131
302704277
288367543
943541623
1471865203
1506894029
1891622911
1502905993
2123996183
693507977
303250763
1524128537
791907913
395253049
1153514741
867568469
584744383
703519321
1077158647
104608741
1801816903
469464491
907317121
1737280417
2049194419
1752604411
1973353709
1877751979
190106639
1813111711
492074237
579833599
111256883
1425558731
1710472193
766138517
1913588029
195634519
3986747
1557589109
2096634823
438355667
1841583011
1782974653
252644297
1496801651
202686931
1906134899
128785417
1907802647
1055244643
1072021891
671767709
374768321
1609980679
496074209
96381463
463307231
902674543
1356306503
889486973
781314613
1007109827
625882349
513059993
636823541
1977212521
27907631
658937987
294520381
1693827701
2106299119
346979813
1571773543
1088721149
1906930813
1816228789
720797087
2081083523
446300873
1868820623
370801429
947065961
713341547
1397208041
2141795569
281099761
255918739
2049625967
536499163
580561913
1184857523
855840763
843943141
686030221
684119731
265838317
2109291559
1007114617
1274932903
1494973043
1698887167
156537643
2097741119
1633661893
1474906001
499611271
2042598143
410532841
1855034501
1240407359
847755743
400102739
928468067
97455179
1430705447
1411778999
987879251
1271470927
945357797
150519329
1733478127
697842433
2145587651
2050698673
1990819603
1094659691
779742959
411718651
1886021513
48506779
1584278951
967937479
1207360849
1338939187
1526499109
1891405889
1269287321
1923116339
1995337261
2075535299
667558169
955916399
1024266161
1099729573
1018811117
1691731403
1740878677
2066929451
106857749
1509219893
953928719
1418719031
1878887083
2094484393
448243057
171562331
6516971
814332131
1353709073
567772313
791059799
1721588497
5958301
822224759
554605537
955427959
277952383
127417897
1930680149
1212450541
1439324801
1376848901
2132008079
223068707
160426769
1160378477
1351950071
1221711013
1556956381
557525789
806295851
32419001
1155113957
349999847
1471419437
489157369
341041891
1595653559
410034949
1933791593
2038420877
1532469847
1538821859
1972051583
1409987387
1162851649
720016519
1378507843
498484559
974062087
163009081
627816139
1069231391
101193067
1902034639
1273954441
2080773559
296615453
2024448851
1462247539
636210833
94081679
1858928909
1507374229
1081934603
272453759
182591179
26858287
468347119
224217667
1548655859
513957593
449909849
971508529
1468068319
423579797
938968567
1136039057
298762463
347015587
82334453
814303543
1288786547
12770837
925176061
159811097
488293153
1460887837
1814946083
715565419
1161135637
152494637
1804938599
318662689
315822809
1360921207
1352650307
266339657
47220293
336847109
1726210763
2049490559
1695036019
612350821
98275451
1517984087
1265989183
2021946673
676964657
5408393
1345478573
600684389
106063151
1250360941
327753709
248676359
2044872259
341930363
884617693
1750818011
1323423901
1660464073
89405413
398492363
867451019
1178406637
877529129
1419520261
1823351729
389593909
717335249
1317787441
440622827
1073849549
37571509
1763787871
63146641
170237783
524036759
429893689
1654089739
1913768809
1964582701
247984351
1346096617
2016141703
896676863
684144767
907536587
932215367
1317883363
192357677
863263001
527826769
305431909
196359431
211874191
1929640751
363848311
219992821
617586017
1978376831
2109504017
1446305723
1317031913
1589762561
59909287
525863033
497669213
652028753
248615737
1510756981
381183119
1546499417
199934843
1013171101
2108904209
369086351
1171710773
1790903057
1415155733
1031156387
2033060389
83570659
2032786111
1907673247
2071893541
1308617119
1451175161
1970977937
210012823
157732997
1671988309
1011192593
395164067
1830296773
855086509
1338309677
492255641
1367225611
254930807
2099101583
938222053
1380309481
1890721907
1944501241
1138142539
1839364741
332258347
653803937
1196070257
294046691
468041153
1972790747
613208153
990090853
18074531
205367611
1584990593
954622321
871676483
808942151
2043314447
1869721603
880144351
1487817467
1346742377
1500930971
2133766049
1008668159
67319449
1917734729
1136562527
2104013477
1670205473
969564787
306784109
1547833897
1085925403
2022684749
411897917
1022242951
26059867
1353160643
516349247
1320876001
2030199863
606546583
1964673091
99127993
496283189
370752259
400438037
2014493737
1329370697
248638477
40337641
918415037
1532387743
2032686989
1860035339
928583303
